1	2	1	85	224	255	239	208	224	225	3	
2	1	8	1	200	254	35	210	200	254	35	
4	1	8	11	210	200	135	208	210	200	25	
2	1	7	147	208	200	200	210	208	200	20	
1	3	3	200	210	210	210	226	210	210	2	
1	33	2	200	226	23	226	226	226	23	2	
1	2	19	210	226	226	226	226	226	226	2	
1	1	125	220	226	104	226	210	226	104	9	
4	6	130	200	210	210	210	226	210	210	0	
1	4	200	200	226	123	23	226	226	23	0	
1	12	190	210	226	226	220	23	226	226	0	
1	18	125	220	226	104	9	9	226	0	0	


Histograma original
0 5
1 14
2 8
3 3
4 3
6 1
7 1
8 2
9 3
11 1
12 1
18 1
19 1
20 1
23 5
25 1
33 1
35 2
85 1
104 3
123 1
125 2
130 1
135 1
147 1
190 1
200 12
208 4
210 17
220 3
224 2
225 1
226 24
239 1
254 2
255 1


Nueva imagen

27	15	27	1	3	1	1	7	3	1	5	
15	27	3	27	23	3	3	32	23	3	3	
5	27	3	1	32	23	1	7	32	23	1	
15	27	1	1	7	23	23	32	7	23	1	
27	5	5	23	32	32	32	46	32	32	15	
27	1	15	23	46	9	46	46	46	9	15	
27	15	1	32	46	46	46	46	46	46	15	
27	27	3	5	46	5	46	32	46	5	5	
5	1	1	23	32	32	32	46	32	32	9	
27	5	23	23	46	1	9	46	46	9	9	
27	1	1	32	46	46	5	9	46	46	9	
27	1	3	5	46	5	5	5	46	9	9	

Nuevo histograma
1 18
3 10
5 15
7 4
9 10
15 8
23 12
27 14
32 17
46 24
